0 	0
0.0084033613 	1.6712844e-16
0.016806723 	3.1189189e-16
0.025210084 	-8.628785e-16
0.033613445 	-2.4631954e-15
0.042016807 	-1.6404361e-14
0.050420168 	-3.2713491e-14
0.058823529 	-9.401396e-14
0.067226891 	-2.0129075e-13
0.075630252 	-9.5223598e-13
0.084033613 	-1.9353486e-12
0.092436975 	-5.472302e-12
0.10084034 	-9.173534e-12
0.1092437 	-1.4353272e-11
0.11764706 	-2.1838641e-11
0.12605042 	-4.6780922e-11
0.13445378 	-7.5095686e-11
0.14285714 	-1.2533158e-10
0.1512605 	-3.2257279e-10
0.15966387 	-1.3528441e-09
0.16806723 	-3.5616755e-09
0.17647059 	-1.1663307e-08
0.18487395 	-1.9748352e-08
0.19327731 	-2.7759507e-08
0.20168067 	-3.3732154e-08
0.21008403 	-3.1550766e-08
0.21848739 	-7.1525553e-08
0.22689076 	-2.6391113e-07
0.23529412 	-5.5444755e-07
0.24369748 	-1.1674796e-06
0.25210084 	-1.8103862e-06
0.2605042 	-2.5429169e-06
0.26890756 	-3.054635e-06
0.27731092 	-2.9591183e-06
0.28571429 	-2.1956318e-06
0.29411765 	2.5742539e-07
0.30252101 	4.3385976e-06
0.31092437 	1.2218705e-05
0.31932773 	2.7535182e-05
0.32773109 	5.8898563e-05
0.33613445 	0.0001002595
0.34453782 	0.00016161557
0.35294118 	0.00021643585
0.36134454 	0.00025911825
0.3697479 	0.00028341602
0.37815126 	0.00027595851
0.38655462 	0.00023017936
0.39495798 	0.00012275236
0.40336134 	-9.6470521e-05
0.41176471 	-0.00048338723
0.42016807 	-0.00072466824
0.42857143 	-0.00076205929
0.43697479 	0.0059555969
0.44537815 	0.021506776
0.45378151 	0.044794401
0.46218487 	0.077537682
0.47058824 	0.13265193
0.4789916 	0.213333
0.48739496 	0.31744
0.49579832 	0.4465885
0.50420168 	0.56812585
0.51260504 	0.68205205
0.5210084 	0.78189627
0.52941176 	0.86856705
0.53781513 	0.93038155
0.54621849 	0.97044679
0.55462185 	0.98928201
0.56302521 	0.99074721
0.57142857 	0.99167418
0.57983193 	0.99218956
0.58823529 	0.9930027
0.59663866 	0.99402852
0.60504202 	0.99521268
0.61344538 	0.99650239
0.62184874 	0.99756803
0.6302521 	0.99849436
0.63865546 	0.99907431
0.64705882 	0.99945371
0.65546218 	0.99969264
0.66386555 	0.99985594
0.67226891 	0.99991456
0.68067227 	0.99992084
0.68907563 	0.99993579
0.69747899 	0.99995475
0.70588235 	0.9999682
0.71428571 	0.99997928
0.72268908 	0.99998772
0.73109244 	0.99999512
0.7394958 	0.99999774
0.74789916 	0.99999862
0.75630252 	0.9999992
0.76470588 	0.99999969
0.77310924 	0.99999983
0.78151261 	0.99999986
0.78991597 	0.99999988
0.79831933 	0.9999999
0.80672269 	0.99999992
0.81512605 	0.99999995
0.82352941 	0.99999996
0.83193277 	0.99999997
0.84033613 	0.99999998
0.8487395 	0.99999999
0.85714286 	0.99999999
0.86554622 	1
0.87394958 	1
0.88235294 	1
0.8907563 	1
0.89915966 	1
0.90756303 	1
0.91596639 	1
0.92436975 	1
0.93277311 	1
0.94117647 	1
0.94957983 	1
0.95798319 	1
0.96638655 	1
0.97478992 	1
0.98319328 	1
0.99159664 	1
1 	1
